1 2013270342 37
1 2016270826 73
1 2017270983 76
1 2019270601 90
1 2019270602 76
1 2019270603 60
1 2019270604 78
1 2019270605 98
1 2019270606 100
1 2019270607 66
1 2019270608 83
1 2019270609 73
1 2019270610 69
1 2019270611 77
1 2019270612 94
1 2019270613 55
1 2019270614 88
1 2019270615 78
1 2019270616 72
1 2019270618 98
1 2019270620 57
1 2019270621 0
1 2019270622 91
1 2019270623 74
1 2019270624 84
1 2019270625 98
1 2019270626 66
1 2019270627 100
1 2019270628 75
1 2019270629 70
1 2019270630 78
1 2019270631 56
1 2019270632 76
1 2019270633 75
1 2019270634 77
1 2019270635 76
1 2019270636 26
1 2018270673 0
1 2017270938 90
2 2015270257 0
2 2013270326 16
2 2019270617 71
2 2019270637 59
2 2019270638 76
2 2019270639 68
2 2019270640 42
2 2019270641 82
2 2019270642 76
2 2019270643 76
2 2019270644 40
2 2019270645 40
2 2019270646 83
2 2019270647 50
2 2019270648 93
2 2019270649 80
2 2019270650 81
2 2019270651 25
2 2019270652 74
2 2019270653 29
2 2019270654 96
2 2019270655 76
2 2019270656 52
2 2019270657 82
2 2019270658 46
2 2019270659 36
2 2019270662 95
2 2019270663 81
2 2019270664 90
2 2019270665 57
2 2019270666 71
2 2019270667 86
2 2019270668 90
2 2019270669 70
2 2019270670 82
2 2018270614 78
2 2018270655 0
2 2017270978 0
2 2013270364 28
3 2019270901 51
3 2019270902 72
3 2019270903 70
3 2019270904 92
3 2019270905 93
3 2019270906 84
3 2019270907 81
3 2019270908 61
3 2019270909 82
3 2019270910 100
3 2019270911 98
3 2019270912 74
3 2019270913 90
3 2019270914 84
3 2019270915 100
3 2019270916 70
3 2019270917 91
3 2019270918 70
3 2019270919 98
3 2019270920 95
3 2019270921 77
3 2019270922 68
3 2019270923 100
3 2019270924 91
3 2019270925 88
3 2017270409 54
3 2017270424 66
3 2017270453 40
3 2015270845 63
4 2017270458 70
4 2017270459 15
4 2017270460 13
4 2017270461 24
4 2017270462 6
4 2019270926 94
4 2019270927 69
4 2019270928 72
4 2019270929 89
4 2019270930 64
4 2019270931 0
4 2019270932 73
4 2019270933 60
4 2019270934 52
4 2019270935 74
4 2019270936 70
4 2019270937 98
4 2019270938 6
4 2019270939 86
4 2019270940 0
4 2019270941 91
4 2019270942 75
4 2019270943 84
4 2019270944 0
4 2019270945 80
4 2019270946 100
4 2019270947 100
4 2019270948 35
4 2019270949 72
4 2019270950 88
4 2018270903 46
4 2015270807 0
4 2014270821 54
5 2019271001 79
5 2019271002 76
5 2019271003 0
5 2019271004 79
5 2019271005 86
5 2019271006 90
5 2019271007 86
5 2019271008 77
5 2019271009 90
5 2019271010 67
5 2019271011 88
5 2019271012 68
5 2019271013 86
5 2019271014 0
5 2019271015 83
5 2019271016 75
5 2019271017 76
5 2019271018 87
5 2019271019 53
5 2019271020 72
5 2019271021 88
5 2019271022 78
5 2019271023 94
5 2019271025 72
5 2019271026 89
5 2019271027 77
5 2019271028 63
5 2019271029 86
6 2019271030 95
6 2019271031 74
6 2019271032 47
6 2019271033 89
6 2019271034 64
6 2019271035 0
6 2019271036 86
6 2019271037 91
6 2019271039 50
6 2019271040 80
6 2019271041 98
6 2019271042 94
6 2019271043 40
6 2019271044 49
6 2019271045 90
6 2019271046 75
6 2019271047 88
6 2019271048 54
6 2019271049 56
6 2019271050 95
6 2019271051 60
6 2019271052 81
6 2019271053 37
6 2019271054 77
6 2019271055 88
6 2019271056 79
6 2019270660 96
7 2019271201 82
7 2019271202 74
7 2019271203 62
7 2019271204 78
7 2019271205 86
7 2019271206 65
7 2019271207 63
7 2019271208 92
7 2019271209 82
7 2019271210 88
7 2019271211 68
7 2019271212 53
7 2019271213 94
7 2019271214 72
7 2019271215 86
7 2019271216 86
7 2019271217 87
7 2019271218 68
7 2019271219 88
7 2019271220 83
7 2019271221 78
7 2019271222 64
7 2019271223 92
7 2019271224 89
7 2019271225 77
7 2019271226 89
8 2019271227 90
8 2019271228 88
8 2019271229 79
8 2019271230 83
8 2019271231 65
8 2019271232 80
8 2019271233 69
8 2019271234 82
8 2019271235 94
8 2019271236 88
8 2019271237 86
8 2019271238 90
8 2019271239 80
8 2019271240 83
8 2019271241 77
8 2019271242 85
8 2019271243 85
8 2019271244 86
8 2019271245 79
8 2019271246 77
8 2019271247 90
8 2019271249 88
8 2019271250 86
8 2019271251 78
8 2016270703 68
8 2018390554 81
9 2019270101 0
9 2019270102 100
9 2019270103 71
9 2019270104 66
9 2019270105 90
9 2019270106 61
9 2019270107 0
9 2019270108 35
9 2019270109 68
9 2019270110 78
9 2019270111 70
9 2019270112 67
9 2019270113 86
9 2019270114 93
9 2019270115 92
9 2019270116 68
9 2019270117 71
9 2019270118 77
9 2019270119 59
9 2019270120 53
9 2019270121 77
9 2019270122 63
9 2019270123 95
9 2019270124 85
9 2019270125 48
9 2019270126 89
9 2019270127 85
9 2019270128 86
9 2019270129 67
9 2019270130 82
9 2018270129 0