1 2016271058 2
1 2016270005 81
1 2019270001 68
1 2019270002 78
1 2019270003 0  
1 2019270004 59
1 2019270005 76
1 2019270006 56
1 2019270007 85
1 2019270008 72
1 2019270009 83
1 2019270010 40
1 2019270011 56
1 2019270012 93
1 2019270013 87
1 2019270014 6
1 2019270015 93
1 2019270016 28
1 2019270017 33
1 2019270019 91
1 2019270020 97
1 2019270021 89
1 2019270022 49
1 2019270023 93
1 2019270024 63
1 2019270025 77
1 2019270026 43
1 2019270027 74
1 2019270028 31
1 2019270029 81
1 2019270030 93
1 2019270031 0  
1 2019270032 10
1 2019270033 38
1 2019270034 76
2 2019270401 41
2 2019270402 84
2 2019270201 43
2 2019270202 60
2 2019270203 62
2 2019270204 55
2 2019270205 28
2 2019270206 69
2 2019270207 76
2 2019270208 46
2 2019270209 34
2 2019270210 32
2 2019270211 0  
2 2019270212 93
2 2019270213 17
2 2019270214 22
2 2019270301 0  
2 2019270302 58
2 2019270303 0  
2 2019270304 0  
2 2019270305 16
2 2019270306 75
2 2019270307 44
2 2019270308 25
2 2019270309 60
2 2019270310 21
2 2019270311 53
2 2019270312 0
2 2019270313 0  
2 2019270314 18
3 2015271055 0  
3 2019270403 79
3 2019270404 0
3 2019270405 0  
3 2019270406 93
3 2019270407 82
3 2019270408 69
3 2019270409 67
3 2019270410 96
3 2019270411 68
3 2019270412 45
3 2019270413 62
3 2019270415 97
3 2019270416 55
3 2019270418 0  
3 2019270419 97
3 2019270420 21
3 2019270421 37
3 2019270422 73
3 2019270423 82
3 2019270424 72
3 2019270425 88
3 2019270426 83
3 2019270427 93
3 2019270428 72
3 2018270417 82
3 2017270862 0
4 2017270048 0 
4 2017270051 0
4 2019270501 96
4 2019270502 62
4 2019270503 90
4 2019270504 80
4 2019270505 81
4 2019270506 89
4 2019270507 74
4 2019270508 94
4 2019270509 82
4 2019270510 89
4 2019270511 72
4 2019270512 84
4 2019270513 84
4 2019270514 100
4 2019270515 83
4 2019270516 72
4 2019270517 97
4 2019270518 91
4 2019270519 60
4 2019270520 87
4 2019270521 97
4 2019270522 69
4 2019270523 60
4 2019270524 0  
4 2019270525 88
4 2019270526 45
4 2019270527 98
4 2019270528 87
4 2019270529 92
4 2019270530 86
4 2019270531 57
4 2019270532 98
4 2019270533 53
4 2019270534 88
4 2019270535 74
4 2019270536 82
4 2019270537 93
4 2019270539 86
4 2019270540 0  
4 2019270541 97
4 2019270542 0  
4 2019270543 81
4 2019270544 0  
4 2019270545 88
4 2019270546 97 
4 2017270018 26
5 2018271323 76
5 2017270264 40
5 2019270701 15
5 2019270702 93
5 2019270703 88
5 2019270704 30
5 2019270705 68
5 2019270706 58
5 2019270707 22
5 2019270708 85
5 2019270709 68
5 2019270710 45
5 2019270711 88
5 2019270712 70
5 2019270713 51
5 2019270714 80
5 2019270715 84
5 2019270716 65
5 2019270717 38
5 2019270718 29
5 2019270719 86
5 2019270720 9
5 2019270721 60
5 2019270722 88
5 2019270723 75
5 2019270724 33
5 2019270725 76
5 2019270726 16
5 2019270728 67
5 2019270729 33
5 2019270730 11
5 2019270731 87
5 2019270732 77
5 2019270733 0
5 2019270735 92
5 2019270736 62
5 2019270737 41
5 2019270738 41
5 2019270739 78
5 2019270740 92
5 2019270741 40
5 2019270742 64
5 2018270704 87
5 2017271102 59
5 2016270443 50
5 2016270446 91
5 2014270447 57 
5 2014270475 76
6 2016270153 40
6 2017270251 56
6 2019270743 84
6 2019270744 0 
6 2019270745 73
6 2019270746 30
6 2019270747 41
6 2019270748 36
6 2019270749 57
6 2019270750 86
6 2019270751 46
6 2019270752 53
6 2019270753 86
6 2019270754 62
6 2019270755 41
6 2019270756 96
6 2019270757 10
6 2019270758 25
6 2019270759 100
6 2019270760 37
6 2019270761 73
6 2019270762 49
6 2019270763 94
6 2019270764 38
6 2019270765 23
6 2019270766 71
6 2019270767 2
6 2019270768 45
6 2019270769 41
6 2019270770 39
6 2019270771 54
6 2019270772 20
6 2019270773 15
6 2019270774 68
6 2019270775 44
6 2019270776 25
6 2019270777 54
6 2019270778 23
6 2019270779 52
6 2019270780 18
6 2019270783 62
6 2019270784 69
6 2019270828 82
6 2018270764 48
6 2018270790 0 
6 2017270215 56
6 2015270468 63 
6 2013270486 51
7 2016280021 69
7 2014280024 19
7 2014280027 66
7 2017270261 0 
7 2017270263 27
7 2019270785 83
7 2019270786 82
7 2019270787 70
7 2019270788 30
7 2019270789 82
7 2019270790 67
7 2019270791 55
7 2019270792 0 
7 2019270793 56
7 2019270794 0 
7 2019270795 62
7 2019270796 42
7 2019270797 72
7 2019270798 78
7 2019270799 54
7 2019270800 30
7 2019270801 87
7 2019270802 7
7 2019270803 54
7 2019270804 55
7 2019270805 81
7 2019270806 58
7 2019270807 67
7 2019270808 75
7 2019270809 85
7 2019270810 85
7 2019270811 62
7 2019270812 38
7 2019270814 21
7 2019270815 76
7 2019270816 90
7 2019270817 100
7 2019270818 53
7 2019270819 63
7 2019270820 62
7 2019270821 66
7 2019270822 91
7 2019270823 60
7 2019270824 50
7 2019270825 41
7 2019270826 0 
7 2019270827 77
7 2018270740 94
7 2018270748 41
7 2018270799 98
7 2017270169 66
7 2014270530 0
7 2016270522 74
7 2015270482 26
7 2015270491 50
7 2014270512 39
8 2017271078 0 
8 2019271101 77
8 2019271102 84
8 2019271103 98
8 2019271104 84
8 2019271105 97
8 2019271106 83
8 2019271107 81
8 2019271108 72
8 2019271109 74
8 2019271110 51
8 2019271111 29
8 2019271112 89
8 2019271113 0 
8 2019271114 37
8 2019271115 33
8 2019271116 54
8 2019271117 66
8 2019271118 87
8 2019271119 90
8 2019271121 100
8 2019271122 89
8 2019271124 69
8 2019271125 59
8 2019271126 66
8 2019271127 92
8 2019271128 53
8 2019271129 64
8 2019271130 67
8 2019271131 89
8 2019271132 86
8 2019271133 15
8 2019271134 97
8 2019271135 81
8 2019271158 0
8 2018271133 48
9 2019271136 92
9 2019271137 77
9 2019271138 84
9 2019271139 37
9 2019271140 76
9 2019271141 92
9 2019271142 78
9 2019271143 43
9 2019271144 83
9 2019271145 55
9 2019271146 76
9 2019271147 93
9 2019271148 92
9 2019271149 93
9 2019271150 62
9 2019271151 98
9 2019271152 19
9 2019271153 0 
9 2019271155 86
9 2019271156 84
9 2019271157 85
9 2019271159 79
9 2019271160 100
9 2019271161 7
9 2019271162 90
9 2019271163 80
9 2019271164 56
9 2019271165 88
9 2019271166 92
9 2019271167 62
9 2019271168 81
9 2019271169 90
9 2019271170 90
9 2019271171 97
9 2019271172 90
9 2019271173 82
9 2019271174 37
9 2019271175 25
9 2019271176 38
9 2019271177 79
10 2011270347 11
10 2014270667 53
10 2019380501 76
10 2019380502 46
10 2019380503 49
10 2019380504 81
10 2019380505 84
10 2019380506 77
10 2019380507 82
10 2019380508 0 
10 2019380509 9
10 2019380510 9
10 2019380511 0
10 2019380512 38
10 2019380513 20
10 2019380514 85
10 2019380601 87
10 2019380602 82
10 2019380603 23
10 2019380604 36
10 2019380608 64
10 2019380609 76
10 2019380610 79
10 2019380611 52
10 2018380616 20
10 2018380617 0
10 2018380718 15
11 2017380356 14
11 2018380504 51
11 2017380357 9
11 2019380613 51
11 2019380614 61
11 2019380615 35
11 2019380616 67
11 2019380617 76
11 2019380619 65
11 2019380701 85
11 2019380702 65
11 2019380703 76
11 2019380704 91
11 2019380705 100
11 2019380706 63
11 2019380707 34
11 2019380708 86
11 2019380709 100
11 2019380710 0  
11 2019380711 46
11 2019380712 83
11 2019380713 60
11 2019380714 69
11 2019380715 85
11 2019380716 15
11 2019380717 31
11 2019380718 90
11 2019380719 23
12 2019271301 59
12 2019271302 42
12 2019271303 75
12 2019271305 77
12 2019271306 77
12 2019271307 86
12 2019271308 77
12 2019271309 81
12 2019271310 64
12 2019271311 100
12 2019271312 82
12 2019271313 32
12 2019271314 76
12 2019271315 0
12 2019271316 67
12 2019271317 90
12 2019271318 0
12 2019271319 0 
12 2019271321 20
12 2019271323 54
12 2019271324 74
12 2019271325 76
12 2019271326 88
12 2019271327 41
12 2019271328 84
12 2019271329 0
12 2019271330 64
12 2019271331 31
12 2019271333 46
12 2019271334 34
12 2019271335 98
12 2019271336 0
12 2019271337 100
12 2019271338 46
12 2019271340 10
12 2019271341 71
12 2019271342 1
12 2019271343 72
12 2019271345 81
12 2019271346 11
12 2019271347 49
12 2019271348 83
12 2019271349 23
12 2019271350 77
12 2019271351 78
12 2019271352 2
12 2017271108 0
12 2017380250 0
13 2016271059 8
13 2017270052 0  
13 2017270055 0  
13 2016270106 77
13 2007270121 0  
13 2013270008 44
13 2017270252 18
13 2017270253 53
13 2017270259 68
13 2018270820 36
13 2015270540 28
13 2017270167 0  
13 2017271143 64
13 2015270403 45
13 2015270410 0  
13 2014270506 56
13 2013270414 9
13 2014270353 0  
13 2018271112 0
13 2018271130 14
13 2018270310 64
13 2017390100 34