1 2016271058 6
1 2016270005 83
1 2019270001 73
1 2019270002 53
1 2019270003 0
1 2019270004 75
1 2019270005 60
1 2019270006 77
1 2019270007 91
1 2019270008 67
1 2019270009 81
1 2019270010 59
1 2019270011 54
1 2019270012 84
1 2019270013 77
1 2019270014 56
1 2019270015 82
1 2019270016 21
1 2019270017 66
1 2019270019 74
1 2019270020 73
1 2019270021 76
1 2019270022 62
1 2019270023 92
1 2019270024 74
1 2019270025 80
1 2019270026 66
1 2019270027 95
1 2019270028 0
1 2019270029 73
1 2019270030 100
1 2019270031 0
1 2019270032 55
1 2019270033 89
1 2019270034 82
2 2019270401 53
2 2019270402 76
2 2019270201 51
2 2019270202 60
2 2019270203 51
2 2019270204 60
2 2019270205 32
2 2019270206 73
2 2019270207 82
2 2019270208 74
2 2019270209 64
2 2019270210 38
2 2019270211 55
2 2019270212 77
2 2019270213 38
2 2019270214 41
2 2019270301 0
2 2019270302 54
2 2019270303 0
2 2019270304 0
2 2019270305 26
2 2019270306 79
2 2019270307 56
2 2019270308 54
2 2019270309 61
2 2019270310 55
2 2019270311 74
2 2019270312 14
2 2019270313 0
2 2019270314 53
3 2015271055 0
3 2019270403 71
3 2019270404 32
3 2019270405 60
3 2019270406 87
3 2019270407 96
3 2019270408 72
3 2019270409 59
3 2019270410 88
3 2019270411 91
3 2019270412 61
3 2019270413 69
3 2019270415 89
3 2019270416 72
3 2019270418 35
3 2019270419 88
3 2019270420 87
3 2019270421 70
3 2019270422 90
3 2019270423 69
3 2019270424 75
3 2019270425 90
3 2019270426 98
3 2019270427 93
3 2019270428 91
3 2018270417 81
3 2017270862 34
4 2017270048 20
4 2017270051 0
4 2019270501 86
4 2019270502 65
4 2019270503 98
4 2019270504 76
4 2019270505 94
4 2019270506 92
4 2019270507 62
4 2019270508 70
4 2019270509 89
4 2019270510 76
4 2019270511 93
4 2019270512 95
4 2019270513 71
4 2019270514 85
4 2019270515 74
4 2019270516 83
4 2019270517 99
4 2019270518 96
4 2019270519 65
4 2019270520 70
4 2019270521 93
4 2019270522 78
4 2019270523 67
4 2019270524 59
4 2019270525 84
4 2019270526 65
4 2019270527 100
4 2019270528 82
4 2019270529 71
4 2019270530 94
4 2019270531 100
4 2019270532 72
4 2019270533 81
4 2019270534 94
4 2019270535 60
4 2019270536 97
4 2019270537 79
4 2019270539 57
4 2019270540 100
4 2019270541 95
4 2019270542 0
4 2019270543 83 
4 2019270544 75 
4 2019270545 87 
4 2019270546 93 
4 2017270018 55
5 2018271323 71
5 2017270264 70
5 2019270701 37
5 2019270702 84
5 2019270703 82
5 2019270704 67
5 2019270705 54
5 2019270706 74
5 2019270707 45
5 2019270708 86
5 2019270709 71
5 2019270710 71
5 2019270711 98
5 2019270712 85
5 2019270713 69
5 2019270714 85
5 2019270715 71
5 2019270716 58
5 2019270717 53
5 2019270718 70
5 2019270719 95
5 2019270720 54
5 2019270721 67
5 2019270722 67
5 2019270723 78
5 2019270724 44
5 2019270725 93
5 2019270726 67
5 2019270728 69
5 2019270729 56
5 2019270730 57
5 2019270731 69
5 2019270732 70
5 2019270733 59
5 2019270735 99
5 2019270736 80
5 2019270737 70
5 2019270738 68
5 2019270739 75
5 2019270740 92
5 2019270741 96
5 2019270742 75
5 2018270704 78
5 2017271102 83
5 2016270443 86
5 2016270446 93
5 2014270447 79
5 2014270475 8
6 2016270153 64
6 2017270251 31
6 2019270743 73
6 2019270744 4
6 2019270745 70
6 2019270746 51
6 2019270747 61
6 2019270748 55
6 2019270749 60
6 2019270750 77
6 2019270751 57
6 2019270752 58
6 2019270753 84
6 2019270754 47
6 2019270755 36
6 2019270756 81
6 2019270757 40
6 2019270758 31
6 2019270759 93
6 2019270760 50
6 2019270761 84
6 2019270762 74
6 2019270763 73
6 2019270764 49
6 2019270765 32
6 2019270766 74
6 2019270767 71
6 2019270768 63
6 2019270769 66
6 2019270770 74
6 2019270771 72
6 2019270772 75
6 2019270773 41
6 2019270774 73
6 2019270775 67
6 2019270776 33
6 2019270777 34
6 2019270778 62
6 2019270779 70
6 2019270780 53
6 2019270783 63
6 2019270784 91
6 2019270828 72
6 2018270764 39
6 2018270790 0
6 2017270215 57
6 2015270468 71
6 2013270486 89
7 2016280021 78
7 2014280024 50
7 2014280027 80
7 2017270261 4
7 2017270263 33
7 2019270785 92
7 2019270786 54
7 2019270787 76
7 2019270788 60
7 2019270789 85
7 2019270790 67
7 2019270791 73
7 2019270792 32
7 2019270793 21
7 2019270794 0
7 2019270795 84
7 2019270796 42
7 2019270797 66
7 2019270798 71
7 2019270799 67
7 2019270800 54
7 2019270801 87
7 2019270802 31
7 2019270803 62
7 2019270804 84
7 2019270805 75
7 2019270806 80
7 2019270807 75
7 2019270808 61
7 2019270809 63
7 2019270810 85
7 2019270811 90
7 2019270812 51
7 2019270814 18
7 2019270815 59
7 2019270816 70
7 2019270817 74
7 2019270818 63
7 2019270819 67
7 2019270820 76
7 2019270821 61
7 2019270822 55
7 2019270823 47
7 2019270824 37 
7 2019270825 53 
7 2019270826 56 
7 2019270827 77 
7 2018270740 81 
7 2018270748 73 
7 2018270799 98 
7 2017270169 82 
7 2014270530 10 
7 2016270522 54 
7 2015270482 55 
7 2015270491 56 
7 2014270512 44
8 2017271078 0
8 2019271101 67
8 2019271102 54
8 2019271103 78
8 2019271104 76
8 2019271105 94
8 2019271106 85
8 2019271107 100
8 2019271108 74
8 2019271109 92
8 2019271110 68
8 2019271111 55
8 2019271112 69
8 2019271113 63
8 2019271114 63
8 2019271115 62
8 2019271116 67
8 2019271117 71
8 2019271118 84
8 2019271119 63
8 2019271121 88
8 2019271122 73
8 2019271124 66
8 2019271125 63
8 2019271126 75
8 2019271127 91
8 2019271128 53
8 2019271129 56
8 2019271130 91
8 2019271131 80
8 2019271132 73
8 2019271133 58
8 2019271134 68
8 2019271135 81
8 2019271158 9
8 2018271133 68
9 2019271136 98
9 2019271137 72
9 2019271138 90
9 2019271139 59
9 2019271140 74
9 2019271141 80
9 2019271142 73
9 2019271143 79
9 2019271144 67
9 2019271145 84
9 2019271146 62
9 2019271147 76
9 2019271148 68
9 2019271149 99
9 2019271150 63
9 2019271151 86
9 2019271152 54
9 2019271153 20
9 2019271155 64
9 2019271156 94
9 2019271157 75
9 2019271159 86
9 2019271160 89
9 2019271161 23
9 2019271162 93
9 2019271163 87
9 2019271164 75
9 2019271165 81
9 2019271166 81
9 2019271167 73
9 2019271168 87
9 2019271169 76
9 2019271170 83
9 2019271171 98
9 2019271172 82
9 2019271173 81
9 2019271174 58
9 2019271175 38
9 2019271176 57
9 2019271177 69
10 2011270347 7
10 2014270667 52
10 2019380501 82
10 2019380502 60
10 2019380503 54
10 2019380504 71
10 2019380505 86
10 2019380506 78
10 2019380507 77
10 2019380508 11
10 2019380509 57
10 2019380510 25
10 2019380511 29
10 2019380512 78
10 2019380513 78
10 2019380514 88
10 2019380601 76
10 2019380602 50
10 2019380603 78
10 2019380604 71
10 2019380608 85
10 2019380609 83
10 2019380610 79
10 2019380611 76
10 2018380616 7
10 2018380617 4
10 2018380718 22
11 2017380356 16
11 2018380504 55
11 2017380357 4
11 2019380613 73
11 2019380614 91
11 2019380615 63
11 2019380616 69
11 2019380617 63
11 2019380619 51
11 2019380701 77
11 2019380702 83
11 2019380703 81
11 2019380704 95
11 2019380705 98
11 2019380706 79
11 2019380707 52
11 2019380708 72
11 2019380709 93
11 2019380710 0
11 2019380711 64
11 2019380712 94
11 2019380713 91
11 2019380714 75
11 2019380715 93
11 2019380716 49
11 2019380717 70
11 2019380718 79
11 2019380719 47
12 2019271301 94
12 2019271302 64
12 2019271303 99
12 2019271305 65
12 2019271306 88
12 2019271307 83
12 2019271308 85
12 2019271309 93
12 2019271310 77
12 2019271311 94
12 2019271312 78
12 2019271313 65
12 2019271314 98
12 2019271315 12
12 2019271316 89
12 2019271317 82
12 2019271318 0
12 2019271319 63
12 2019271321 53
12 2019271323 71
12 2019271324 97
12 2019271325 75
12 2019271326 92
12 2019271327 81
12 2019271328 91
12 2019271329 74
12 2019271330 67
12 2019271331 67
12 2019271333 90
12 2019271334 77
12 2019271335 95
12 2019271336 72
12 2019271337 94
12 2019271338 60
12 2019271340 52
12 2019271341 73
12 2019271342 4
12 2019271343 90
12 2019271345 94
12 2019271346 74
12 2019271347 81
12 2019271348 78
12 2019271349 57
12 2019271350 67
12 2019271351 76
12 2019271352 72
12 2017271108 25
12 2017380250 83
13 2016271059 37
13 2017270052 41
13 2017270055 0
13 2016270106 78
13 2007270121 0
13 2013270008 87
13 2017270252 26
13 2017270253 44
13 2017270259 90
13 2018270820 48
13 2015270540 53
13 2017270167 0
13 2017271143 95
13 2015270403 70
13 2015270410 19
13 2014270506 79
13 2013270414 11
13 2014270353 0
13 2018271112 50
13 2018271130 38
13 2018270310 84
13 2017390100 70
