1 2016271058 3
1 2016270005 44
1 2019270001 68
1 2019270002 44
1 2019270003 0  
1 2019270004 47
1 2019270005 40
1 2019270006 57
1 2019270007 73
1 2019270008 28
1 2019270009 74
1 2019270010 22
1 2019270011 43
1 2019270012 57
1 2019270013 45
1 2019270014 19
1 2019270015 70
1 2019270016 20
1 2019270017 36
1 2019270019 68
1 2019270020 71
1 2019270021 86
1 2019270022 20
1 2019270023 66
1 2019270024 56
1 2019270025 33
1 2019270026 59
1 2019270027 65
1 2019270028 0  
1 2019270029 64
1 2019270030 81
1 2019270031 0  
1 2019270032 23
1 2019270033 24
1 2019270034 60
2 2019270401 42
2 2019270402 39
2 2019270201 31
2 2019270202 33
2 2019270203 48
2 2019270204 36
2 2019270205 14
2 2019270206 43
2 2019270207 80
2 2019270208 47
2 2019270209 25
2 2019270210 10
2 2019270211 35
2 2019270212 81
2 2019270213 11
2 2019270214 21
2 2019270301 0  
2 2019270302 20
2 2019270303 0  
2 2019270304 0  
2 2019270305 25
2 2019270306 41
2 2019270307 39
2 2019270308 25
2 2019270309 46
2 2019270310 25
2 2019270311 25
2 2019270312 0
2 2019270313 0
2 2019270314 15
3 2015271055 0  
3 2019270403 72
3 2019270404 6
3 2019270405 0  
3 2019270406 87
3 2019270407 82
3 2019270408 52
3 2019270409 49
3 2019270410 55
3 2019270411 68
3 2019270412 50
3 2019270413 48
3 2019270415 72
3 2019270416 31
3 2019270418 8
3 2019270419 72
3 2019270420 18
3 2019270421 18
3 2019270422 60
3 2019270423 51
3 2019270424 90
3 2019270425 69
3 2019270426 73
3 2019270427 92
3 2019270428 48
3 2018270417 78
3 2017270862 6
4 2017270048 2
4 2017270051 0
4 2019270501 86
4 2019270502 53
4 2019270503 89
4 2019270504 70
4 2019270505 71
4 2019270506 85
4 2019270507 63
4 2019270508 81
4 2019270509 72
4 2019270510 49
4 2019270511 82
4 2019270512 91
4 2019270513 44
4 2019270514 83
4 2019270515 61
4 2019270516 62
4 2019270517 78
4 2019270518 96
4 2019270519 47
4 2019270520 78
4 2019270521 68
4 2019270522 52
4 2019270523 49
4 2019270524 0  
4 2019270525 79
4 2019270526 55
4 2019270527 84
4 2019270528 61
4 2019270529 35
4 2019270530 59
4 2019270531 80
4 2019270532 54
4 2019270533 55
4 2019270534 94
4 2019270535 46
4 2019270536 86
4 2019270537 86
4 2019270539 57
4 2019270540 89
4 2019270541 72
4 2019270542 0  
4 2019270543 72
4 2019270544 0  
4 2019270545 75
4 2019270546 58 
4 2017270018 9
5 2018271323 73
5 2017270264 33
5 2019270701 13
5 2019270702 62
5 2019270703 54
5 2019270704 30
5 2019270705 56
5 2019270706 51
5 2019270707 4
5 2019270708 78
5 2019270709 41
5 2019270710 32
5 2019270711 79
5 2019270712 51
5 2019270713 36
5 2019270714 44
5 2019270715 65
5 2019270716 61
5 2019270717 25
5 2019270718 31
5 2019270719 59
5 2019270720 0
5 2019270721 55
5 2019270722 63
5 2019270723 40
5 2019270724 29
5 2019270725 78
5 2019270726 12
5 2019270728 52
5 2019270729 45
5 2019270730 26
5 2019270731 67
5 2019270732 56
5 2019270733 18
5 2019270735 91
5 2019270736 34
5 2019270737 53
5 2019270738 31
5 2019270739 37
5 2019270740 87
5 2019270741 53
5 2019270742 58
5 2018270704 58
5 2017271102 46
5 2016270443 61
5 2016270446 54
5 2014270447 36 
5 2014270475 79
6 2016270153 32
6 2017270251 9
6 2019270743 49
6 2019270744 0  
6 2019270745 55
6 2019270746 33
6 2019270747 23
6 2019270748 32
6 2019270749 37
6 2019270750 48
6 2019270751 39
6 2019270752 29
6 2019270753 59
6 2019270754 42
6 2019270755 38
6 2019270756 75
6 2019270757 11
6 2019270758 25
6 2019270759 78
6 2019270760 30
6 2019270761 56
6 2019270762 13
6 2019270763 71
6 2019270764 37
6 2019270765 22
6 2019270766 55
6 2019270767 32
6 2019270768 38
6 2019270769 42
6 2019270770 26
6 2019270771 53
6 2019270772 58
6 2019270773 13
6 2019270774 38
6 2019270775 33
6 2019270776 25
6 2019270777 30
6 2019270778 25
6 2019270779 29
6 2019270780 33
6 2019270783 37
6 2019270784 37
6 2019270828 92
6 2018270764 51
6 2018270790 0  
6 2017270215 62
6 2015270468 57 
6 2013270486 51
7 2016280021 55
7 2014280024 30
7 2014280027 51
7 2017270261 8
7 2017270263 20
7 2019270785 74
7 2019270786 60
7 2019270787 67
7 2019270788 34
7 2019270789 88
7 2019270790 49
7 2019270791 38
7 2019270792 0  
7 2019270793 44
7 2019270794 0  
7 2019270795 74
7 2019270796 24
7 2019270797 55
7 2019270798 41
7 2019270799 45
7 2019270800 36
7 2019270801 59
7 2019270802 18
7 2019270803 40
7 2019270804 34
7 2019270805 57
7 2019270806 68
7 2019270807 81
7 2019270808 50
7 2019270809 35
7 2019270810 50
7 2019270811 61
7 2019270812 19
7 2019270814 14
7 2019270815 40
7 2019270816 58
7 2019270817 88
7 2019270818 57
7 2019270819 85
7 2019270820 57
7 2019270821 33
7 2019270822 39
7 2019270823 58
7 2019270824 45
7 2019270825 33
7 2019270826 45
7 2019270827 67
7 2018270740 64
7 2018270748 39
7 2018270799 93
7 2017270169 53
7 2014270530 0
7 2016270522 31
7 2015270482 41
7 2015270491 23
7 2014270512 31
8 2017271078 3
8 2019271101 73
8 2019271102 52
8 2019271103 81
8 2019271104 85
8 2019271105 81
8 2019271106 49
8 2019271107 76
8 2019271108 39
8 2019271109 64
8 2019271110 37
8 2019271111 57
8 2019271112 32
8 2019271113 0  
8 2019271114 37
8 2019271115 47
8 2019271116 41
8 2019271117 64
8 2019271118 60
8 2019271119 48
8 2019271121 78
8 2019271122 88
8 2019271124 35
8 2019271125 76
8 2019271126 85
8 2019271127 83
8 2019271128 33
8 2019271129 66
8 2019271130 58
8 2019271131 66
8 2019271132 63
8 2019271133 31
8 2019271134 78
8 2019271135 56
8 2019271158 0
8 2018271133 69
9 2019271136 87
9 2019271137 55
9 2019271138 54
9 2019271139 16
9 2019271140 63
9 2019271141 53
9 2019271142 52
9 2019271143 36
9 2019271144 55
9 2019271145 42
9 2019271146 56
9 2019271147 81
9 2019271148 70
9 2019271149 95
9 2019271150 34
9 2019271151 80
9 2019271152 23
9 2019271153 0  
9 2019271155 51
9 2019271156 83
9 2019271157 76
9 2019271159 79
9 2019271160 98
9 2019271161 13
9 2019271162 92
9 2019271163 40
9 2019271164 52
9 2019271165 89
9 2019271166 80
9 2019271167 33
9 2019271168 83
9 2019271169 68
9 2019271170 50
9 2019271171 70
9 2019271172 46
9 2019271173 30
9 2019271174 31
9 2019271175 17
9 2019271176 27
9 2019271177 59
10 2011270347 0
10 2014270667 36
10 2019380501 49
10 2019380502 34
10 2019380503 5
10 2019380504 53
10 2019380505 75
10 2019380506 76
10 2019380507 66
10 2019380508 2
10 2019380509 1
10 2019380510 3
10 2019380511 9
10 2019380512 27
10 2019380513 27
10 2019380514 66
10 2019380601 38
10 2019380602 43
10 2019380603 10
10 2019380604 32
10 2019380608 59
10 2019380609 47
10 2019380610 61
10 2019380611 43
10 2018380616 14
10 2018380617 2
10 2018380718 10
11 2017380356 13
11 2018380504 18
11 2017380357 0
11 2019380613 28
11 2019380614 69
11 2019380615 23
11 2019380616 56
11 2019380617 48
11 2019380619 28
11 2019380701 63
11 2019380702 60
11 2019380703 63
11 2019380704 78
11 2019380705 79
11 2019380706 54
11 2019380707 32
11 2019380708 57
11 2019380709 80
11 2019380710 0  
11 2019380711 20
11 2019380712 55
11 2019380713 38
11 2019380714 53
11 2019380715 49
11 2019380716 13
11 2019380717 35
11 2019380718 64
11 2019380719 32
12 2019271301 71
12 2019271302 32
12 2019271303 76
12 2019271305 43
12 2019271306 73
12 2019271307 60
12 2019271308 82
12 2019271309 78
12 2019271310 50
12 2019271311 85
12 2019271312 71
12 2019271313 38
12 2019271314 53
12 2019271315 2
12 2019271316 52
12 2019271317 65
12 2019271318 0  
12 2019271319 8
12 2019271321 20
12 2019271323 59
12 2019271324 81
12 2019271325 35
12 2019271326 90
12 2019271327 42
12 2019271328 56
12 2019271329 14
12 2019271330 42
12 2019271331 25
12 2019271333 27
12 2019271334 21
12 2019271335 83
12 2019271336 0  
12 2019271337 78
12 2019271338 36
12 2019271340 12
12 2019271341 58
12 2019271342 2
12 2019271343 66
12 2019271345 77
12 2019271346 15
12 2019271347 68
12 2019271348 39
12 2019271349 5
12 2019271350 49
12 2019271351 62
12 2019271352 13
12 2017271108 0
12 2017380250 67
13 2016271059 5
13 2017270052 4
13 2017270055 0  
13 2016270106 75
13 2007270121 0  
13 2013270008 57
13 2017270252 15
13 2017270253 13
13 2017270259 66
13 2018270820 20
13 2015270540 45
13 2017270167 0  
13 2017271143 73
13 2015270403 48
13 2015270410 0  
13 2014270506 40
13 2013270414 0
13 2014270353 0
13 2018271112 27
13 2018271130 6
13 2018270310 53
13 2017390100 30