1 2013270342 31
1 2016270826 70
1 2017270983 39
1 2019270601 77
1 2019270602 13
1 2019270603 36
1 2019270604 84
1 2019270605 79
1 2019270606 100
1 2019270607 41
1 2019270608 65
1 2019270609 63
1 2019270610 0
1 2019270611 51
1 2019270612 62
1 2019270613 1
1 2019270614 76
1 2019270615 87
1 2019270616 65
1 2019270618 68
1 2019270620 30
1 2019270621 0
1 2019270622 76
1 2019270623 16
1 2019270624 78
1 2019270625 87
1 2019270626 31
1 2019270627 90
1 2019270628 63
1 2019270629 33
1 2019270630 67
1 2019270631 0
1 2019270632 51
1 2019270633 30
1 2019270634 93
1 2019270635 56
1 2019270636 0
1 2018270673 0
2 2015270257 85
2 2013270326 5
2 2019270617 52
2 2019270637 20
2 2019270638 36
2 2019270639 8
2 2019270640 14
2 2019270641 87
2 2019270642 55
2 2019270643 77
2 2019270644 19
2 2019270645 60
2 2019270646 69
2 2019270647 9
2 2019270648 73
2 2019270649 32
2 2019270650 79
2 2019270651 26
2 2019270652 74
2 2019270653 10
2 2019270654 93
2 2019270655 20
2 2019270656 53
2 2019270657 94
2 2019270658 73
2 2019270659 13
2 2019270662 79
2 2019270663 54
2 2019270664 74
2 2019270665 63
2 2019270666 73
2 2019270667 100
2 2019270668 39
2 2019270669 53
2 2019270670 83
2 2018270614 64
2 2018270655 0
2 2017270978 0
2 2013270364 1
3 2019270901 0
3 2019270902 60
3 2019270903 58
3 2019270904 91
3 2019270905 46
3 2019270906 55
3 2019270907 78
3 2019270908 49
3 2019270909 96
3 2019270910 88
3 2019270911 84
3 2019270912 14
3 2019270913 48
3 2019270914 41
3 2019270915 81
3 2019270916 44
3 2019270917 72
3 2019270918 33
3 2019270919 58
3 2019270920 97
3 2019270921 45
3 2019270922 66
3 2019270923 93
3 2019270924 94
3 2019270925 89
3 2017270409 15
3 2017270424 37
3 2017270453 4
3 2015270845 9
4 2017270458 70
4 2017270459 2
4 2017270460 0
4 2017270461 0
4 2017270462 0
4 2019270926 42
4 2019270927 55
4 2019270928 14
4 2019270929 71
4 2019270930 34
4 2019270931 0
4 2019270932 77
4 2019270933 11
4 2019270934 38
4 2019270935 54
4 2019270936 55
4 2019270937 73
4 2019270938 0
4 2019270939 81
4 2019270940 74
4 2019270941 61
4 2019270942 67
4 2019270943 56
4 2019270944 84
4 2019270945 80
4 2019270946 93
4 2019270947 96
4 2019270948 22
4 2019270949 65
4 2019270950 39
4 2018270903 8
4 2015270807 0  
4 2014270821 29
5 2019271001 46
5 2019271002 33
5 2019271003 0  
5 2019271004 58
5 2019271005 81
5 2019271006 82
5 2019271007 40
5 2019271008 26
5 2019271009 81
5 2019271010 19
5 2019271011 84
5 2019271012 55
5 2019271013 42
5 2019271014 0  
5 2019271015 53
5 2019271016 45
5 2019271017 45
5 2019271018 77
5 2019271019 40
5 2019271020 11
5 2019271021 88
5 2019271022 19
5 2019271023 60
5 2019271025 34
5 2019271026 59
5 2019271027 52
5 2019271028 30
5 2019271029 51
6 2019271030 53
6 2019271031 25
6 2019271032 10
6 2019271033 83
6 2019271034 48
6 2019271035 0  
6 2019271036 53
6 2019271037 93
6 2019271039 6
6 2019271040 55
6 2019271041 71
6 2019271042 75
6 2019271043 17
6 2019271044 5
6 2019271045 80
6 2019271046 66
6 2019271047 87
6 2019271048 28
6 2019271049 35
6 2019271050 81
6 2019271051 55
6 2019271052 63
6 2019271053 16
6 2019271054 0  
6 2019271055 67
6 2019271056 44
6 2019270660 54
7 2019271201 32
7 2019271202 18
7 2019271203 5
7 2019271204 74
7 2019271205 41
7 2019271206 38
7 2019271207 18
7 2019271208 73
7 2019271209 28
7 2019271210 45
7 2019271211 18
7 2019271212 39
7 2019271213 81
7 2019271214 0  
7 2019271215 88
7 2019271216 42
7 2019271217 70
7 2019271218 43
7 2019271219 79
7 2019271220 71
7 2019271221 55
7 2019271222 0  
7 2019271223 23
7 2019271224 61
7 2019271225 73
7 2019271226 70
8 2019271227 0
8 2019271228 49
8 2019271229 51
8 2019271230 50
8 2019271231 17
8 2019271232 60
8 2019271233 4
8 2019271234 66
8 2019271235 90
8 2019271236 48
8 2019271237 65
8 2019271238 86
8 2019271239 45
8 2019271240 60
8 2019271241 46
8 2019271242 68
8 2019271243 79
8 2019271244 59
8 2019271245 6
8 2019271246 55
8 2019271247 70
8 2019271249 88
8 2019271250 74
8 2019271251 52
8 2016270703 52
8 2018390554 95
9 2019270101 0
9 2019270102 68
9 2019270103 48
9 2019270104 66
9 2019270105 62
9 2019270106 30
9 2019270107 0
9 2019270108 23
9 2019270109 81
9 2019270110 67
9 2019270111 46
9 2019270112 61
9 2019270113 92
9 2019270114 52
9 2019270115 55
9 2019270116 77
9 2019270117 38
9 2019270118 81
9 2019270119 38
9 2019270120 49
9 2019270121 54
9 2019270122 86
9 2019270123 57
9 2019270124 76
9 2019270125 16
9 2019270126 74
9 2019270127 69
9 2019270128 93
9 2019270129 65
9 2019270130 72
9 2018270129 0